{"example_id": 0, "wmt19_index": 13, "source": "AMs are apparently suggesting alternative options, but the struggle to reach consensus could be a headache for the Presiding Officer, Elin Jones, who is expected to submit draft legislation on the changes within weeks.", "reference": "显 然 ， AM 建 议 采 用 其 他 名 称 ， 但 会 议 主 席 Elin Jones 感 到 头 痛 的 是 ， 迟 迟 达 不 成 一 致 ， 因 为 他 要 在 几 周 内 提 交 名 称 变 更 的 立 法 草 案 。", "observed_prefix": "AMs are apparently suggesting alternative", "prefix_words": 5, "elapsed_s": 1.78, "distribution_divergence": {"futures": ["AMs are apparently suggesting alternative options,", "AMs are apparently suggesting alternative options, but", "AMs are apparently suggesting alternative options, but the", "AMs are apparently suggesting alternative options, but the struggle"], "avg_js": 0.003595879216953387, "max_js": 0.007361836092596036, "pairwise_js": [[0.0, 0.00333983579558061, 0.007361836092596036, 0.005621923216247873], [0.00333983579558061, 0.0, 0.002291799551751257, 0.0009301066545793494], [0.007361836092596036, 0.002291799551751257, 0.0, 0.002029773990965194], [0.005621923216247873, 0.0009301066545793494, 0.002029773990965194, 0.0]], "topk_overlap": 0.8, "consensus_score": 0.3026398718357086, "kl_from_first": [0.013331164309680874, 0.03138866287527055, 0.022896322323032316], "decision": "COMMIT"}, "semantic_lcp": {"futures": ["AMs are apparently suggesting alternative options,", "AMs are apparently suggesting alternative options, but", "AMs are apparently suggesting alternative options, but the", "AMs are apparently suggesting alternative options, but the struggle"], "continuations": ["AMs似乎在提出替代方案，", "AMs似乎在提出替代方案，", "AMs似乎在提出替代方案，", "AMs似乎在提出替代方案，"], "normalized_candidates": ["AMs似乎在提出替代方案，", "AMs似乎在提出替代方案，", "AMs似乎在提出替代方案，", "AMs似乎在提出替代方案，"], "literal_lcp": "AMs似乎在提出替代方案，", "literal_lcp_len": 13, "avg_edit_distance": 0.0, "token_overlap": 1.0, "semantic_agreement": 1.2083333333333333, "safe_prefix_candidate": "AMs似乎在提出替代方案，", "decision": "COMMIT"}}
{"example_id": 1, "wmt19_index": 51, "source": "The boy was airlifted to Rady Children's Hospital in San Diego where he is listed in critical condition.", "reference": "男 孩 被 空 运 到 圣 地 亚 哥 雷 迪 儿 童 医 院 (Rady Children's Hospital) ， 目 前 情 况 危 急 。", "observed_prefix": "The boy was airlifted to", "prefix_words": 5, "elapsed_s": 1.2, "distribution_divergence": {"futures": ["The boy was airlifted to Rady", "The boy was airlifted to Rady Children's", "The boy was airlifted to Rady Children's Hospital", "The boy was airlifted to Rady Children's Hospital in"], "avg_js": 0.010527806687660277, "max_js": 0.02154923968166168, "pairwise_js": [[0.0, 0.011384910913763802, 0.02154923968166168, 0.014261743145360321], [0.011384910913763802, 0.0, 0.00510994660997726, 0.006016673223679141], [0.02154923968166168, 0.00510994660997726, 0.0, 0.004844326551519448], [0.014261743145360321, 0.006016673223679141, 0.004844326551519448, 0.0]], "topk_overlap": 0.9, "consensus_score": 0.2531910836696625, "kl_from_first": [0.04924789804286109, 0.10731429208162382, 0.05920479049347425], "decision": "COMMIT"}, "semantic_lcp": {"futures": ["The boy was airlifted to Rady", "The boy was airlifted to Rady Children's", "The boy was airlifted to Rady Children's Hospital", "The boy was airlifted to Rady Children's Hospital in"], "continuations": ["那个男孩被空运", "这个男孩被空运到", "这个男孩被空运到", "这个男孩被空运到"], "normalized_candidates": ["那个男孩被空运", "这个男孩被空运到", "这个男孩被空运到", "这个男孩被空运到"], "literal_lcp": "", "literal_lcp_len": 0, "avg_edit_distance": 0.125, "token_overlap": 0.8333333333333334, "semantic_agreement": 0.5694444444444445, "safe_prefix_candidate": "", "decision": "BORDERLINE"}}
{"example_id": 2, "wmt19_index": 54, "source": "Giles added the victim sustained traumatic injuries to his upper torso area.", "reference": "贾 尔 斯 补 充 到 ， 受 害 者 的 上 半 身 受 到 创 伤 。", "observed_prefix": "Giles added the victim sustained", "prefix_words": 5, "elapsed_s": 1.21, "distribution_divergence": {"futures": ["Giles added the victim sustained traumatic", "Giles added the victim sustained traumatic injuries", "Giles added the victim sustained traumatic injuries to", "Giles added the victim sustained traumatic injuries to his"], "avg_js": 0.005057367867565877, "max_js": 0.009826586124181507, "pairwise_js": [[0.0, 0.009826586124181507, 0.0014335635993335417, 0.0056314473861128625], [0.009826586124181507, 0.0, 0.007699734973529189, 0.002985469977326242], [0.0014335635993335417, 0.007699734973529189, 0.0, 0.002767405144911918], [0.0056314473861128625, 0.002985469977326242, 0.002767405144911918, 0.0]], "topk_overlap": 0.9, "consensus_score": 0.2509887218475342, "kl_from_first": [0.040609817640411015, 0.005978070132131762, 0.0234720740870895], "decision": "COMMIT"}, "semantic_lcp": {"futures": ["Giles added the victim sustained traumatic", "Giles added the victim sustained traumatic injuries", "Giles added the victim sustained traumatic injuries to", "Giles added the victim sustained traumatic injuries to his"], "continuations": ["Giles补充说，受害者遭受了创伤", "吉尔斯补充说，受害者遭受", "Giles补充说，受害者遭受了创伤", "吉尔斯补充说，受害者遭受"], "normalized_candidates": ["Giles补充说，受害者遭受了创伤", "吉尔斯补充说，受害者遭受", "Giles补充说，受害者遭受了创伤", "吉尔斯补充说，受害者遭受"], "literal_lcp": "", "literal_lcp_len": 0, "avg_edit_distance": 0.3137254901960784, "token_overlap": 0.6140350877192983, "semantic_agreement": 0.4334365325077399, "safe_prefix_candidate": "", "decision": "BORDERLINE"}}
