{"example_id": 0, "wmt19_index": 13, "source": "AMs are apparently suggesting alternative options, but the struggle to reach consensus could be a headache for the Presiding Officer, Elin Jones, who is expected to submit draft legislation on the changes within weeks.", "reference": "显 然 ， AM 建 议 采 用 其 他 名 称 ， 但 会 议 主 席 Elin Jones 感 到 头 痛 的 是 ， 迟 迟 达 不 成 一 致 ， 因 为 他 要 在 几 周 内 提 交 名 称 变 更 的 立 法 草 案 。", "observed_prefix": "AMs are apparently suggesting alternative", "prefix_words": 5, "elapsed_s": 7.02, "distribution_divergence": {"future_mode": "lm_sample", "future_diversity": {"nested_prefix_rate": 0.0, "avg_future_edit_dist": 0.46855215860085003, "unique_future_ratio": 1.0, "avg_future_len": 111.5, "is_nested_warning": false}, "futures": ["AMs are apparently suggesting alternative to that. But I am sure they will use their usual rhetoric", "AMs are apparently suggesting alternative routes for the new, short-er, and shorter-term Bologna process to get implemented.", "AMs are apparently suggesting alternative methods of treatment other than surgery that may prove more efficient, with", "AMs are apparently suggesting alternative approaches. The main idea here is that the problem itself can be"], "avg_js": 0.01869096048320686, "max_js": 0.03354190007543965, "pairwise_js": [[0.0, 0.030725434583401177, 0.01146294391924801, 0.00985468116467667], [0.030725434583401177, 0.0, 0.015446093462453594, 0.03354190007543965], [0.01146294391924801, 0.015446093462453594, 0.0, 0.011114709694022049], [0.00985468116467667, 0.03354190007543965, 0.011114709694022049, 0.0]], "topk_overlap": 0.7, "consensus_score": 0.40895333886146545, "kl_from_first": [0.13000147460681358, 0.04729862302696418, 0.03653081615025345], "decision": "COMMIT"}, "semantic_lcp": {"future_mode": "lm_sample", "future_diversity": {"nested_prefix_rate": 0.0, "avg_future_edit_dist": 0.46162104133118625, "unique_future_ratio": 1.0, "avg_future_len": 95.75, "is_nested_warning": false}, "futures": ["AMs are apparently suggesting alternative methods of obtaining energy that do not require mining. One of the", "AMs are apparently suggesting alternative policies to our Congress.", "AMs are apparently suggesting alternative \"methods\" of handling the 8 bit output data of the", "AMs are apparently suggesting alternative definitions to achieve the aim of a non-discriminatory system, such as for"], "continuations": ["AMs似乎正在建议一些不需要采矿", "AMs似乎正在向我们的国会提出", "AMs似乎在建议处理8位", "AMs似乎正在提出替代定义以"], "normalized_candidates": ["AMs似乎正在建议一些不需要采矿", "AMs似乎正在向我们的国会提出", "AMs似乎在建议处理8位", "AMs似乎正在提出替代定义以"], "literal_lcp": "AMs似乎", "literal_lcp_len": 5, "avg_edit_distance": 0.5549603174603175, "token_overlap": 0.33862146307798485, "semantic_agreement": 0.4695537152058891, "safe_prefix_candidate": "AMs似乎", "decision": "BORDERLINE"}}
{"example_id": 2, "wmt19_index": 54, "source": "Giles added the victim sustained traumatic injuries to his upper torso area.", "reference": "贾 尔 斯 补 充 到 ， 受 害 者 的 上 半 身 受 到 创 伤 。", "observed_prefix": "Giles added the victim sustained", "prefix_words": 5, "elapsed_s": 7.99, "distribution_divergence": {"future_mode": "lm_sample", "future_diversity": {"nested_prefix_rate": 0.0, "avg_future_edit_dist": 0.5321705183934285, "unique_future_ratio": 1.0, "avg_future_len": 92.0, "is_nested_warning": false}, "futures": ["Giles added the victim sustained a laceration to his shoulder and bruising around his eyes. What do", "Giles added the victim sustained no injuries, which is an example of what type of sentence, and", "Giles added the victim sustained to that group in order to be inclusive.", "Giles added the victim sustained serious physical injury to the death sentence, even though no one was"], "avg_js": 0.04382258732729902, "max_js": 0.11289169937848072, "pairwise_js": [[0.0, 0.028929245388022957, 0.03661656462404876, 0.005923708757141826], [0.028929245388022957, 0.0, 0.11289169937848072, 0.03218617893414768], [0.03661656462404876, 0.11289169937848072, 0.0, 0.04638812688195219], [0.005923708757141826, 0.03218617893414768, 0.04638812688195219, 0.0]], "topk_overlap": 0.9, "consensus_score": 0.16757233440876007, "kl_from_first": [0.11828770593384459, 0.15317066990923126, 0.022596999818818873], "decision": "COMMIT"}, "semantic_lcp": {"future_mode": "lm_sample", "future_diversity": {"nested_prefix_rate": 0.0, "avg_future_edit_dist": 0.5260154565061107, "unique_future_ratio": 1.0, "avg_future_len": 95.0, "is_nested_warning": false}, "futures": ["Giles added the victim sustained a significant amount of the face and head from the blows, and", "Giles added the victim sustained injuries of serious injury including facial fractures, a cut to the leg", "Giles added the victim sustained a broken foot and a puncture wound.这句话有问题吗", "Giles added the victim sustained 33 injuries, with many having life-long effects that made the patient more"], "continuations": ["吉尔斯补充说，受害者遭受", "吉尔斯补充说，受害者遭受", "Giles补充说，受害者受了脚", "吉尔斯补充说，受害者遭受"], "normalized_candidates": ["吉尔斯补充说，受害者遭受", "吉尔斯补充说，受害者遭受", "Giles补充说，受害者受了脚", "吉尔斯补充说，受害者遭受"], "literal_lcp": "", "literal_lcp_len": 0, "avg_edit_distance": 0.26666666666666666, "token_overlap": 0.6944444444444445, "semantic_agreement": 0.47592592592592603, "safe_prefix_candidate": "", "decision": "BORDERLINE"}}
{"example_id": 4, "wmt19_index": 65, "source": "Online shopping and a shift towards buying small amounts of food daily at local convenience stores means supermarkets are having to do more to persuade people to visit.", "reference": "当 前 的 主 打 趋 势 是 网 上 购 物 ， 以 及 每 天 在 当 地 便 利 店 购 买 少 量 食 品 ， 这 就 意 味 着 ， 超 市 必 须 采 取 更 多 措 施 ， 吸 引 人 们 前 来 光 顾 。", "observed_prefix": "Online shopping and a shift", "prefix_words": 5, "elapsed_s": 8.48, "distribution_divergence": {"future_mode": "lm_sample", "future_diversity": {"nested_prefix_rate": 0.0, "avg_future_edit_dist": 0.5480842246719969, "unique_future_ratio": 1.0, "avg_future_len": 91.75, "is_nested_warning": false}, "futures": ["Online shopping and a shift of consumption to an Internet-based model have given rise to “Internet giants.”", "Online shopping and a shift from traditional stores – 4K Videos", "Online shopping and a shift from traditional media to video are major developments in our industry. We", "Online shopping and a shift to sustainable development: the cases of the Netherlands and France"], "avg_js": 0.029434496535102425, "max_js": 0.0480899268660543, "pairwise_js": [[0.0, 0.0480899268660543, 0.035434194500384694, 0.015883833161231146], [0.0480899268660543, 0.0, 0.04482671017866881, 0.011544581348131983], [0.035434194500384694, 0.04482671017866881, 0.0, 0.02082773315614362], [0.015883833161231146, 0.011544581348131983, 0.02082773315614362, 0.0]], "topk_overlap": 0.8, "consensus_score": 0.37713393568992615, "kl_from_first": [0.19007850735639095, 0.13703372403514225, 0.06202587010639998], "decision": "COMMIT"}, "semantic_lcp": {"future_mode": "lm_sample", "future_diversity": {"nested_prefix_rate": 0.0, "avg_future_edit_dist": 0.5596096903436353, "unique_future_ratio": 1.0, "avg_future_len": 82.5, "is_nested_warning": false}, "futures": ["Online shopping and a shift in economic power has put the pressure on retailers to adapt or", "Online shopping and a shift in demand and spending habits are not the only ways people are", "Online shopping and a shift in consumption patterns have changed consumers’ habits and led retailers to adapt", "Online shopping and a shift in thinking."], "continuations": ["网上购物和经济权力", "网上购物和需求和", "网上购物和消费模式", "网上购物和思维的"], "normalized_candidates": ["网上购物和经济权力", "网上购物和需求和", "网上购物和消费模式", "网上购物和思维的"], "literal_lcp": "网上购物和", "literal_lcp_len": 5, "avg_edit_distance": 0.4328703703703704, "token_overlap": 0.4378399378399378, "semantic_agreement": 0.5433231891565224, "safe_prefix_candidate": "网上购物和", "decision": "COMMIT"}}
{"example_id": 6, "wmt19_index": 93, "source": "The couples holiday together and Jones has a 40 per cent stake in Baldwin's TV production firm.", "reference": "这 两 对 夫 妇 总 是 一 起 度 假 ， 而 且 琼 斯 在 波 尔 文 的 电 视 制 作 公 司 ， 拥 有 其 40 ％ 的 股 份 。", "observed_prefix": "The couples holiday together and", "prefix_words": 5, "elapsed_s": 8.92, "distribution_divergence": {"future_mode": "lm_sample", "future_diversity": {"nested_prefix_rate": 0.0, "avg_future_edit_dist": 0.5250507795344752, "unique_future_ratio": 1.0, "avg_future_len": 91.75, "is_nested_warning": false}, "futures": ["The couples holiday together and discover that even with an open hearted partner everything can cause conflict", "The couples holiday together and make a lasting lasting relationship.", "The couples holiday together and they enjoy a picnic in a park in ____, their favourite part", "The couples holiday together and end up becoming great friends. The two meet each other again at"], "avg_js": 0.008514702053016533, "max_js": 0.014284469321898627, "pairwise_js": [[0.0, 0.004614461185485221, 0.007942096607805392, 0.006623342581812183], [0.004614461185485221, 0.0, 0.004877093090147578, 0.012746749530950199], [0.007942096607805392, 0.004877093090147578, 0.0, 0.014284469321898627], [0.006623342581812183, 0.012746749530950199, 0.014284469321898627, 0.0]], "topk_overlap": 0.9, "consensus_score": 0.4424279034137726, "kl_from_first": [0.021075759814285614, 0.029730366884714934, 0.02553867854943355], "decision": "COMMIT"}, "semantic_lcp": {"future_mode": "lm_sample", "future_diversity": {"nested_prefix_rate": 0.0, "avg_future_edit_dist": 0.48612545465072826, "unique_future_ratio": 1.0, "avg_future_len": 93.0, "is_nested_warning": false}, "futures": ["The couples holiday together and have four children - the two sisters and the two brothers. The", "The couples holiday together and go to the same hotel and have separate rooms", "The couples holiday together and the 3 children's family is divided into two groups. In each group,", "The couples holiday together and they plan a romantic dinner on the second evening they are together."], "continuations": ["这对夫妇一起度假，有", "这对夫妇一起度假，住", "这对夫妇一起度假，三个", "这对夫妇一起度假，他们"], "normalized_candidates": ["这对夫妇一起度假，有", "这对夫妇一起度假，住", "这对夫妇一起度假，三个", "这对夫妇一起度假，他们"], "literal_lcp": "这对夫妇一起度假，", "literal_lcp_len": 9, "avg_edit_distance": 0.16818181818181818, "token_overlap": 0.7517482517482518, "semantic_agreement": 0.9028554778554779, "safe_prefix_candidate": "这对夫妇一起度假，", "decision": "COMMIT"}}
{"example_id": 8, "wmt19_index": 161, "source": "A woman appeared at the scene in tears.", "reference": "一 女 子 现 场 痛 哭 不 已 。", "observed_prefix": "A woman appeared at the", "prefix_words": 5, "elapsed_s": 8.69, "distribution_divergence": {"future_mode": "lm_sample", "future_diversity": {"nested_prefix_rate": 0.0, "avg_future_edit_dist": 0.5718918429181258, "unique_future_ratio": 1.0, "avg_future_len": 82.25, "is_nested_warning": false}, "futures": ["A woman appeared at the police station, stating that a 42-year-old man who she believes she is", "A woman appeared at the airport and claimed that she had $1 million. To prove it, she", "A woman appeared at the town police station to complain about her neighbor’s dog. She described the", "A woman appeared at the door dressed in blue.分析句子成分"], "avg_js": 0.004813125259139369, "max_js": 0.009449440658067975, "pairwise_js": [[0.0, 0.0022077004132698896, 0.0008260177401920048, 0.009449440658067975], [0.0022077004132698896, 0.0, 0.0010795898683008892, 0.00858828472062316], [0.0008260177401920048, 0.0010795898683008892, 0.0, 0.006727718154382299], [0.009449440658067975, 0.00858828472062316, 0.006727718154382299, 0.0]], "topk_overlap": 0.9, "consensus_score": 0.8220944404602051, "kl_from_first": [0.007620240078487798, 0.003120479515114719, 0.03357616426347964], "decision": "COMMIT"}, "semantic_lcp": {"future_mode": "lm_sample", "future_diversity": {"nested_prefix_rate": 0.0, "avg_future_edit_dist": 0.5919386056252683, "unique_future_ratio": 1.0, "avg_future_len": 92.0, "is_nested_warning": false}, "futures": ["A woman appeared at the courthouse at 8am to start a court hearing and then left at", "A woman appeared at the police station with several empty vials which she stated had been collected", "A woman appeared at the airport customs in Paris with an unknown package. How could customs officials", "A woman appeared at the gate to be opened. She was an old woman, with silver whiskers"], "continuations": ["一位女士在早上8点出现在", "一名女子出现在警察局，她", "一位女士在巴黎机场海关出现", "一位女士出现在大门前，她"], "normalized_candidates": ["一位女士在早上8点出现在", "一名女子出现在警察局，她", "一位女士在巴黎机场海关出现", "一位女士出现在大门前，她"], "literal_lcp": "一", "literal_lcp_len": 1, "avg_edit_distance": 0.6655982905982906, "token_overlap": 0.36294934640522875, "semantic_agreement": 0.27411701860231275, "safe_prefix_candidate": "一", "decision": "BORDERLINE"}}
{"example_id": 10, "wmt19_index": 178, "source": "A farmer was attacked and killed by a pig in a market in southwest China, according to local media reports.", "reference": "据 当 地 媒 体 报 道 ， 在 中 国 西 南 部 地 区 的 一 家 市 场 上 ， 一 位 农 户 被 一 头 猪 袭 击 致 死 。", "observed_prefix": "A farmer was attacked and", "prefix_words": 5, "elapsed_s": 8.36, "distribution_divergence": {"future_mode": "lm_sample", "future_diversity": {"nested_prefix_rate": 0.0, "avg_future_edit_dist": 0.5417581471436567, "unique_future_ratio": 1.0, "avg_future_len": 87.5, "is_nested_warning": false}, "futures": ["A farmer was attacked and killed by wild boars on Saturday evening, while on his way to", "A farmer was attacked and killed. A neighbor found the body in the field, but he did", "A farmer was attacked and is suspected by five men. Each man gave three pieces of evidence", "A farmer was attacked and tried by two men. The defense attorney claims that no knife was"], "avg_js": 0.12958535692829765, "max_js": 0.258598385426581, "pairwise_js": [[0.0, 0.2547454584833695, 0.258598385426581, 0.25751677054548994], [0.2547454584833695, 0.0, 0.0022861263580613625, 0.0029678692363356704], [0.258598385426581, 0.0022861263580613625, 0.0, 0.0013975315199484554], [0.25751677054548994, 0.0029678692363356704, 0.0013975315199484554, 0.0]], "topk_overlap": 0.5, "consensus_score": 0.3462856113910675, "kl_from_first": [2.735873706785538, 2.805631789210248, 2.744373517983327], "decision": "BORDERLINE"}, "semantic_lcp": {"future_mode": "lm_sample", "future_diversity": {"nested_prefix_rate": 0.0, "avg_future_edit_dist": 0.5260399623184094, "unique_future_ratio": 1.0, "avg_future_len": 83.0, "is_nested_warning": false}, "futures": ["A farmer was attacked and left for dead by a cougar after crossing a forest road. A", "A farmer was attacked and badly hurt by a wild boar. He went into town to have", "A farmer was attacked and killed, his dog was found dead, his neighbor's goat ran out into", "A farmer was attacked and robbed at a farmhouse, and he left the scene to run for"], "continuations": ["一名农民在穿越森林公路后", "一个农民被野猪攻击并", "一个农民被攻击并被杀", "一个农民在农舍被袭击"], "normalized_candidates": ["一名农民在穿越森林公路后", "一个农民被野猪攻击并", "一个农民被攻击并被杀", "一个农民在农舍被袭击"], "literal_lcp": "一", "literal_lcp_len": 1, "avg_edit_distance": 0.6277777777777778, "token_overlap": 0.37477778499450326, "semantic_agreement": 0.29066666907224187, "safe_prefix_candidate": "一", "decision": "BORDERLINE"}}
{"example_id": 12, "wmt19_index": 191, "source": "Though rare, cases of pigs attacking humans have been recorded before.", "reference": "尽 管 较 为 罕 见 ， 但 之 前 也 曾 报 道 过 猪 攻 击 人 类 的 事 件 。", "observed_prefix": "Though rare, cases of pigs", "prefix_words": 5, "elapsed_s": 8.38, "distribution_divergence": {"future_mode": "lm_sample", "future_diversity": {"nested_prefix_rate": 0.0, "avg_future_edit_dist": 0.5885848526632961, "unique_future_ratio": 1.0, "avg_future_len": 104.5, "is_nested_warning": false}, "futures": ["Though rare, cases of pigs developing tumors on their bodies or heads can occur due to an", "Though rare, cases of pigs infected with human Ebola virus (HEV) have been documented worldwide since 1976.", "Though rare, cases of pigs infected with canine distemper can cause reproductive disorders, like abortion and stillbirths,", "Though rare, cases of pigs transmitting SARS-CoV-2 and influenza A virus H5N8 to farm workers (i.e.,"], "avg_js": 0.010120864727017858, "max_js": 0.020125934095763104, "pairwise_js": [[0.0, 0.014961581496013326, 0.004670116328636519, 0.005824521714813188], [0.014961581496013326, 0.0, 0.020125934095763104, 0.006674989783338202], [0.004670116328636519, 0.020125934095763104, 0.0, 0.008468044943542814], [0.005824521714813188, 0.006674989783338202, 0.008468044943542814, 0.0]], "topk_overlap": 0.8, "consensus_score": 0.5901411175727844, "kl_from_first": [0.06292736930151252, 0.021624995054593813, 0.026197925665341005], "decision": "COMMIT"}, "semantic_lcp": {"future_mode": "lm_sample", "future_diversity": {"nested_prefix_rate": 0.0, "avg_future_edit_dist": 0.6061828041578821, "unique_future_ratio": 1.0, "avg_future_len": 105.25, "is_nested_warning": false}, "futures": ["Though rare, cases of pigs infected by a new influenza strain are becoming a major public health", "Though rare, cases of pigs getting COVID-19 may still cause major worry, particularly because of the genetic", "Though rare, cases of pigs contracting human diseases have been reported in the past (including swine flu).", "Though rare, cases of pigs with human-like genes suggest the possibility of chimeras and human-animal hybrids."], "continuations": ["尽管罕见，但猪感染", "尽管罕见，猪感染COVID", "尽管罕见，但猪感染", "尽管罕见，但猪身上"], "normalized_candidates": ["尽管罕见，但猪感染", "尽管罕见，猪感染COVID", "尽管罕见，但猪感染", "尽管罕见，但猪身上"], "literal_lcp": "尽管罕见，", "literal_lcp_len": 5, "avg_edit_distance": 0.3304843304843305, "token_overlap": 0.6317640692640693, "semantic_agreement": 0.6420932462599129, "safe_prefix_candidate": "尽管罕见，", "decision": "COMMIT"}}
{"example_id": 14, "wmt19_index": 206, "source": "Locally, 1 to 4 inches of rain will cause dangerous flash flooding, debris flows and possibility landslides in the desert.", "reference": "就 当 地 而 言 ， 1 至 4 英 寸 的 降 雨 量 便 会 造 成 洪 水 泛 滥 、 泥 石 流 ， 甚 至 可 能 导 致 沙 漠 发 生 山 体 滑 坡 。", "observed_prefix": "Locally, 1 to 4 inches", "prefix_words": 5, "elapsed_s": 8.23, "distribution_divergence": {"future_mode": "lm_sample", "future_diversity": {"nested_prefix_rate": 0.0, "avg_future_edit_dist": 0.6243374337433744, "unique_future_ratio": 1.0, "avg_future_len": 82.5, "is_nested_warning": false}, "futures": ["Locally, 1 to 4 inches , in places more.", "Locally, 1 to 4 inches snowfall is expected to follow a uniform distribution, X~Unif (1,4), and the", "Locally, 1 to 4 inches of precipitation will fall in the next three hours, with some areas", "Locally, 1 to 4 inches (2.5 to 10 cm) of precipitation, mainly rain, but thunderstorms. Light showers"], "avg_js": 0.04464165852441634, "max_js": 0.09520786235204351, "pairwise_js": [[0.0, 0.08492692663994098, 0.011427130394191354, 0.006961395474868856], [0.08492692663994098, 0.0, 0.04782576304287014, 0.09520786235204351], [0.011427130394191354, 0.04782576304287014, 0.0, 0.021500873242583173], [0.006961395474868856, 0.09520786235204351, 0.021500873242583173, 0.0]], "topk_overlap": 0.7, "consensus_score": 0.25513267517089844, "kl_from_first": [0.35992118663498207, 0.04401864184193593, 0.027883177237755654], "decision": "COMMIT"}, "semantic_lcp": {"future_mode": "lm_sample", "future_diversity": {"nested_prefix_rate": 0.0, "avg_future_edit_dist": 0.5456975641890807, "unique_future_ratio": 1.0, "avg_future_len": 85.5, "is_nested_warning": false}, "futures": ["Locally, 1 to 4 inches of snow may accumulate overnight, but by Monday morning it could fall", "Locally, 1 to 4 inches (2.5 to 10 cm) of precipitation are typical for a year in", "Locally, 1 to 4 inches of snow fell across the region Sunday, but with some snow falling", "Locally, 1 to 4 inches (2 to 10 cm) of rain fell Friday. While only isolated bands"], "continuations": ["当地，一夜之间可能积雪", "在当地，一年中通常会有1", "当地，周日降雪量", "当地周五降下了1到4"], "normalized_candidates": ["当地，一夜之间可能积雪", "在当地，一年中通常会有1", "当地，周日降雪量", "当地周五降下了1到4"], "literal_lcp": "", "literal_lcp_len": 0, "avg_edit_distance": 0.7492424242424242, "token_overlap": 0.20042262519042708, "semantic_agreement": 0.15039340031600099, "safe_prefix_candidate": "", "decision": "BORDERLINE"}}
{"example_id": 16, "wmt19_index": 228, "source": "Ford told the Senate Judiciary Committee that she's 100 percent certain that Kavanaugh groped her drunkenly and tried to take off her clothes at a high school party.", "reference": "福 特 向 参 议 院 司 法 委 员 会 介 绍 称 ， 自 己 百 分 百 肯 定 卡 瓦 诺 在 高 中 派 对 上 喝 醉 后 ， 摸 自 己 的 身 体 ， 想 脱 掉 她 的 衣 服 。", "observed_prefix": "Ford told the Senate Judiciary", "prefix_words": 5, "elapsed_s": 6.72, "distribution_divergence": {"future_mode": "lm_sample", "future_diversity": {"nested_prefix_rate": 0.0, "avg_future_edit_dist": 0.42488562596912155, "unique_future_ratio": 1.0, "avg_future_len": 107.75, "is_nested_warning": false}, "futures": ["Ford told the Senate Judiciary Committee in May that it did not believe there was sufficient evidence", "Ford told the Senate Judiciary Committee on Tuesday the number of recalls or repairs will increase because", "Ford told the Senate Judiciary Committee on Wednesday that its sales force in Britain has been ordered", "Ford told the Senate Judiciary Committee on Wednesday that his proposed legislation would let law-enforcement agents seize"], "avg_js": 0.1302168683383482, "max_js": 0.3097927146408198, "pairwise_js": [[0.0, 0.18120871973715025, 0.2222668444177942, 0.3097927146408198], [0.18120871973715025, 0.0, 0.01535864546053128, 0.037856861401740965], [0.2222668444177942, 0.01535864546053128, 0.0, 0.0148174243720527], [0.3097927146408198, 0.037856861401740965, 0.0148174243720527, 0.0]], "topk_overlap": 0.7, "consensus_score": 0.07901077717542648, "kl_from_first": [0.6480314154074801, 0.8163141120288864, 1.2071103484294414], "decision": "BORDERLINE"}, "semantic_lcp": {"future_mode": "lm_sample", "future_diversity": {"nested_prefix_rate": 0.0, "avg_future_edit_dist": 0.48124443797226674, "unique_future_ratio": 1.0, "avg_future_len": 105.5, "is_nested_warning": false}, "futures": ["Ford told the Senate Judiciary Committee on Monday that the company will make $350,000 available for research", "Ford told the Senate Judiciary Committee that a large amount of confidential information will be turned over", "Ford told the Senate Judiciary committee Thursday that his new policy would increase the size of the", "Ford told the Senate Judiciary Committee Tuesday afternoon it would support any attempt to pass a measure"], "continuations": ["福特周一告诉参议", "福特告诉参议院", "福特周四告诉参议", "福特在周二下午向"], "normalized_candidates": ["福特周一告诉参议", "福特告诉参议院", "福特周四告诉参议", "福特在周二下午向"], "literal_lcp": "福特", "literal_lcp_len": 2, "avg_edit_distance": 0.5208333333333334, "token_overlap": 0.45441595441595445, "semantic_agreement": 0.3945275403608737, "safe_prefix_candidate": "福特", "decision": "BORDERLINE"}}
{"example_id": 18, "wmt19_index": 285, "source": "Voters chose overwhelmingly to become independent, though turnout was low with those against secession largely boycotting the vote.", "reference": "绝 大 多 数 选 民 选 择 独 立 ， 尽 管 如 此 ， 投 票 率 依 然 很 低 ， 因 为 大 多 数 反 对 分 裂 的 人 士 拒 绝 投 票 。", "observed_prefix": "Voters chose overwhelmingly to become", "prefix_words": 5, "elapsed_s": 7.92, "distribution_divergence": {"future_mode": "lm_sample", "future_diversity": {"nested_prefix_rate": 0.0, "avg_future_edit_dist": 0.5118566712374398, "unique_future_ratio": 1.0, "avg_future_len": 106.75, "is_nested_warning": false}, "futures": ["Voters chose overwhelmingly to become a republic on January 6, 1788. The New York ratifying convention required", "Voters chose overwhelmingly to become the first province in the country to decriminalize same-sex marriage in November", "Voters chose overwhelmingly to become members in their first state to take the plunge on open primary", "Voters chose overwhelmingly to become \"Mud Kids\" for the fifth straight year. And they may have a"], "avg_js": 0.05237124565923973, "max_js": 0.0740188403108254, "pairwise_js": [[0.0, 0.06256955862011458, 0.05467439916099259, 0.06505437594633975], [0.06256955862011458, 0.0, 0.05409028177512949, 0.0740188403108254], [0.05467439916099259, 0.05409028177512949, 0.0, 0.003820018142036567], [0.06505437594633975, 0.0740188403108254, 0.003820018142036567, 0.0]], "topk_overlap": 0.5, "consensus_score": 0.4246754050254822, "kl_from_first": [0.3398142786497127, 0.28910224759725006, 0.3935580984174308], "decision": "BORDERLINE"}, "semantic_lcp": {"future_mode": "lm_sample", "future_diversity": {"nested_prefix_rate": 0.0, "avg_future_edit_dist": 0.4897122823096729, "unique_future_ratio": 1.0, "avg_future_len": 103.25, "is_nested_warning": false}, "futures": ["Voters chose overwhelmingly to become members of the state of Connecticut. To be eligible to vote in", "Voters chose overwhelmingly to become eligible to vote by mailing a form from the California Secretary of", "Voters chose overwhelmingly to become members of one of the seven states, and the people are excited.", "Voters chose overwhelmingly to become more involved and take personal control of America’s public life — by"], "continuations": ["选民们一致选择成为康", "选民们普遍选择通过邮寄", "选民们一致选择成为七个", "选民们普遍选择更加积极参与"], "normalized_candidates": ["选民们一致选择成为康", "选民们普遍选择通过邮寄", "选民们一致选择成为七个", "选民们普遍选择更加积极参与"], "literal_lcp": "选民们", "literal_lcp_len": 3, "avg_edit_distance": 0.49417249417249415, "token_overlap": 0.34607595563477916, "semantic_agreement": 0.40896782048742836, "safe_prefix_candidate": "选民们", "decision": "BORDERLINE"}}
{"example_id": 20, "wmt19_index": 326, "source": "Rangers were short of inspiration, though.", "reference": "不 过 ， 流 浪 者 队 的 士 气 不 够 足 。", "observed_prefix": "Rangers were short of inspiration,", "prefix_words": 5, "elapsed_s": 6.95, "distribution_divergence": {"future_mode": "lm_sample", "future_diversity": {"nested_prefix_rate": 0.0, "avg_future_edit_dist": 0.4857492164193195, "unique_future_ratio": 1.0, "avg_future_len": 99.75, "is_nested_warning": false}, "futures": ["Rangers were short of inspiration, but they still snatched the points away from Sunderland at Ibrox, and", "Rangers were short of inspiration, but were still unable to muster anything resembling a point on Friday.", "Rangers were short of inspiration, while the Hammers' chances of moving to the top of Group D", "Rangers were short of inspiration, as they had lost to Celtic in Edinburgh a few minutes earlier."], "avg_js": 0.0069960106228201995, "max_js": 0.012560865227449246, "pairwise_js": [[0.0, 0.005314422386726281, 0.007611548254899715, 0.012560865227449246], [0.005314422386726281, 0.0, 0.005908405751852627, 0.008019055126235143], [0.007611548254899715, 0.005908405751852627, 0.0, 0.0025617669897581873], [0.012560865227449246, 0.008019055126235143, 0.0025617669897581873, 0.0]], "topk_overlap": 0.8, "consensus_score": 0.520365297794342, "kl_from_first": [0.020304250731903055, 0.031011561367242826, 0.051435728395430626], "decision": "COMMIT"}, "semantic_lcp": {"future_mode": "lm_sample", "future_diversity": {"nested_prefix_rate": 0.0, "avg_future_edit_dist": 0.4992554241838225, "unique_future_ratio": 1.0, "avg_future_len": 96.5, "is_nested_warning": false}, "futures": ["Rangers were short of inspiration, unable to break the deadlock despite 11 first-half shots as Hamilton were", "Rangers were short of inspiration, so let’s be grateful for the four they produced today.", "Rangers were short of inspiration, however, and they slipped to another midweek defeat.", "Rangers were short of inspiration, conceding goals for little more than a fluke before finding the net"], "continuations": ["瑞恩斯队缺乏灵感", "瑞恩士人缺乏灵感", "然而，流浪者队", "瑞恩士在比赛中缺乏"], "normalized_candidates": ["瑞恩斯队缺乏灵感", "瑞恩士人缺乏灵感", "然而，流浪者队", "瑞恩士在比赛中缺乏"], "literal_lcp": "", "literal_lcp_len": 0, "avg_edit_distance": 0.7824074074074074, "token_overlap": 0.2326312576312576, "semantic_agreement": 0.1500746167412834, "safe_prefix_candidate": "", "decision": "BORDERLINE"}}
{"example_id": 22, "wmt19_index": 393, "source": "Trump argued that Democrats are on a mission to \"resist and obstruct.\"", "reference": "特 朗 普 称 ， 民 主 党 肩 负 的 使 命 就 是 “ 抵 抗 和 阻 挠 ” 。", "observed_prefix": "Trump argued that Democrats are", "prefix_words": 5, "elapsed_s": 7.18, "distribution_divergence": {"future_mode": "lm_sample", "future_diversity": {"nested_prefix_rate": 0.0, "avg_future_edit_dist": 0.5309118284277408, "unique_future_ratio": 1.0, "avg_future_len": 97.5, "is_nested_warning": false}, "futures": ["Trump argued that Democrats are going to be spending and taking money from working families, and this", "Trump argued that Democrats are a party of big government that is responsible for high debt, while", "Trump argued that Democrats are out of control and they didn't want to get health insurance for", "Trump argued that Democrats are not supporting the US economy and said that their party wants to"], "avg_js": 0.0016775661187954805, "max_js": 0.004179781587593252, "pairwise_js": [[0.0, 0.0008930276092764954, 0.0002908912449636501, 0.004179781587593252], [0.0008930276092764954, 0.0, 0.00037650989261482203, 0.001401535360592131], [0.0002908912449636501, 0.00037650989261482203, 0.0, 0.0029236510177325327], [0.004179781587593252, 0.001401535360592131, 0.0029236510177325327, 0.0]], "topk_overlap": 0.9, "consensus_score": 0.841210663318634, "kl_from_first": [0.0034406631624313904, 0.001134231674843767, 0.015592847343455509], "decision": "COMMIT"}, "semantic_lcp": {"future_mode": "lm_sample", "future_diversity": {"nested_prefix_rate": 0.0, "avg_future_edit_dist": 0.5200704919649018, "unique_future_ratio": 1.0, "avg_future_len": 96.5, "is_nested_warning": false}, "futures": ["Trump argued that Democrats are doing to America what Democrats did to FDR's New Deal in the", "Trump argued that Democrats are \"the biggest problem we have faced in America\" in the past decade.", "Trump argued that Democrats are weak, that the Republican Party has strong policies and strong values and", "Trump argued that Democrats are \"on fire,\" but in fact it’s Republicans who are, not in the"], "continuations": ["特朗普认为，民主党正在", "特朗普认为民主党是过去", "特朗普认为民主党软弱", "特朗普辩称民主党“"], "normalized_candidates": ["特朗普认为，民主党正在", "特朗普认为民主党是过去", "特朗普认为民主党软弱", "特朗普辩称民主党“"], "literal_lcp": "特朗普", "literal_lcp_len": 3, "avg_edit_distance": 0.3696969696969697, "token_overlap": 0.5201465201465202, "semantic_agreement": 0.5084831834831834, "safe_prefix_candidate": "特朗普", "decision": "COMMIT"}}
{"example_id": 24, "wmt19_index": 429, "source": "That has not happened yet.", "reference": "但 是 尚 未 宣 布 。", "observed_prefix": "That has not happened yet.", "prefix_words": 5, "elapsed_s": 8.37, "distribution_divergence": {"future_mode": "lm_sample", "future_diversity": {"nested_prefix_rate": 0.0, "avg_future_edit_dist": 0.5238621299160406, "unique_future_ratio": 1.0, "avg_future_len": 78.5, "is_nested_warning": false}, "futures": ["That has not happened yet. However, if there are people who take part in the discussion, they", "That has not happened yet. But the government could take steps to prevent that. One of the", "That has not happened yet. But it will, unless we stop it.", "That has not happened yet. It hasn't worked yet. It hasn't been done yet."], "avg_js": 0.01174627903279899, "max_js": 0.017983685128433298, "pairwise_js": [[0.0, 0.011890540539160744, 0.017983685128433298, 0.007614252605841702], [0.011890540539160744, 0.0, 0.017304280249371723, 0.009826280240414108], [0.017983685128433298, 0.017304280249371723, 0.0, 0.005858635433572358], [0.007614252605841702, 0.009826280240414108, 0.005858635433572358, 0.0]], "topk_overlap": 0.9, "consensus_score": 0.4795958399772644, "kl_from_first": [0.05568101800374578, 0.09117230644041253, 0.035638017692550934], "decision": "COMMIT"}, "semantic_lcp": {"future_mode": "lm_sample", "future_diversity": {"nested_prefix_rate": 0.0, "avg_future_edit_dist": 0.48991351439974995, "unique_future_ratio": 1.0, "avg_future_len": 81.25, "is_nested_warning": false}, "futures": ["That has not happened yet. We have been waiting more than a year.", "That has not happened yet. A few cases have been caught with HIV by testing urine instead", "That has not happened yet. We have the right to expect it as a matter of conscience.\"", "That has not happened yet. We have a few problems, including a lack of manpower to put"], "continuations": ["这还没有发生。我们已经等待", "这还没有发生。一些病例已经", "这还没有发生。作为良心问题", "这还没有发生。我们有一些问题"], "normalized_candidates": ["这还没有发生。我们已经等待", "这还没有发生。一些病例已经", "这还没有发生。作为良心问题", "这还没有发生。我们有一些问题"], "literal_lcp": "这还没有发生。", "literal_lcp_len": 7, "avg_edit_distance": 0.43315018315018317, "token_overlap": 0.4757481940144479, "semantic_agreement": 0.639199336954755, "safe_prefix_candidate": "这还没有发生。", "decision": "COMMIT"}}
{"example_id": 26, "wmt19_index": 447, "source": "Kanye West: Rapper changes his name to Ye", "reference": "坎 耶 · 维 斯 特 ： 说 唱 歌 手 将 他 的 名 字 改 为 \"Ye\"", "observed_prefix": "Kanye West: Rapper changes his", "prefix_words": 5, "elapsed_s": 6.86, "distribution_divergence": {"future_mode": "lm_sample", "future_diversity": {"nested_prefix_rate": 0.0, "avg_future_edit_dist": 0.43263565891472866, "unique_future_ratio": 1.0, "avg_future_len": 53.25, "is_nested_warning": false}, "futures": ["Kanye West: Rapper changes his sound, style", "Kanye West: Rapper changes his life", "Kanye West: Rapper changes his mind on a track's fate ahead of its release.", "Kanye West: Rapper changes his name? Who, exactly, is Kanye?"], "avg_js": 0.004136047535435298, "max_js": 0.010844562913206846, "pairwise_js": [[0.0, 0.0011689747183277078, 0.000704395477338261, 0.005676352628710498], [0.0011689747183277078, 0.0, 0.002717267143246081, 0.010844562913206846], [0.000704395477338261, 0.002717267143246081, 0.0, 0.003704732331782393], [0.005676352628710498, 0.010844562913206846, 0.003704732331782393, 0.0]], "topk_overlap": 0.8, "consensus_score": 0.4954906404018402, "kl_from_first": [0.004758170352777088, 0.0029119392008858614, 0.022481421880390966], "decision": "COMMIT"}, "semantic_lcp": {"future_mode": "lm_sample", "future_diversity": {"nested_prefix_rate": 0.0, "avg_future_edit_dist": 0.4831608437460417, "unique_future_ratio": 1.0, "avg_future_len": 83.0, "is_nested_warning": false}, "futures": ["Kanye West: Rapper changes his mind, retracts 'Mood's not a thing' comment", "Kanye West: Rapper changes his album title after his wife’s death Kanye West has changed the title", "Kanye West: Rapper changes his name, so why does he not get to change his religion?", "Kanye West: Rapper changes his name back to Kanye, says ‘he can do no wrong’."], "continuations": ["KanyeWest：说唱歌手改变主意", "KanyeWest:嘻哈歌手", "KanyeWest:说唱歌手更改", "KanyeWest：说唱歌手改回"], "normalized_candidates": ["KanyeWest：说唱歌手改变主意", "KanyeWest:嘻哈歌手", "KanyeWest:说唱歌手更改", "KanyeWest：说唱歌手改回"], "literal_lcp": "KanyeWest", "literal_lcp_len": 9, "avg_edit_distance": 0.2638888888888889, "token_overlap": 0.6548847609219126, "semantic_agreement": 0.8386652906776746, "safe_prefix_candidate": "KanyeWest", "decision": "COMMIT"}}
{"example_id": 28, "wmt19_index": 457, "source": "The album is more of a reflection of who we are.\"", "reference": "这 张 专 辑 更 多 反 映 了 我 们 是 谁 。 ”", "observed_prefix": "The album is more of", "prefix_words": 5, "elapsed_s": 6.99, "distribution_divergence": {"future_mode": "lm_sample", "future_diversity": {"nested_prefix_rate": 0.0, "avg_future_edit_dist": 0.5762386799782006, "unique_future_ratio": 1.0, "avg_future_len": 85.75, "is_nested_warning": false}, "futures": ["The album is more of a musical exploration, not a stylistic departure, insofar as the 80 minute", "The album is more of a balladeer for me and while there's a lot to enjoy I", "The album is more of a soundtrack than your typical album that you hear on the radio,", "The album is more of a pop album with country touches. What is the target demographic for"], "avg_js": 0.025704743716045027, "max_js": 0.048816167860172156, "pairwise_js": [[0.0, 0.048816167860172156, 0.024880556045774938, 0.011974063899894662], [0.048816167860172156, 0.0, 0.009501516967637425, 0.037126208627178484], [0.024880556045774938, 0.009501516967637425, 0.0, 0.02192994889561249], [0.011974063899894662, 0.037126208627178484, 0.02192994889561249, 0.0]], "topk_overlap": 0.7, "consensus_score": 0.5849748253822327, "kl_from_first": [0.22426654935232881, 0.10851572487113038, 0.04458578124385437], "decision": "COMMIT"}, "semantic_lcp": {"future_mode": "lm_sample", "future_diversity": {"nested_prefix_rate": 0.0, "avg_future_edit_dist": 0.6004013186652114, "unique_future_ratio": 1.0, "avg_future_len": 96.0, "is_nested_warning": false}, "futures": ["The album is more of a “song-based” experience than its predecessors, though still retains the overarching theme.", "The album is more of an exploration of her interests in music of different times, different places", "The album is more of a soundtrack than a proper album, in the sense that there is", "The album is more of a musical collage in which the two main characters and musicians appear"], "continuations": ["这张专辑更像是一张", "这张专辑更多地探索了", "这张专辑更像是一个配乐", "这张专辑更像是一张"], "normalized_candidates": ["这张专辑更像是一张", "这张专辑更多地探索了", "这张专辑更像是一个配乐", "这张专辑更像是一张"], "literal_lcp": "这张专辑更", "literal_lcp_len": 5, "avg_edit_distance": 0.34848484848484845, "token_overlap": 0.5893793706293705, "semantic_agreement": 0.6219648407148407, "safe_prefix_candidate": "这张专辑更", "decision": "COMMIT"}}
{"example_id": 30, "wmt19_index": 476, "source": "Researchers in the U.S. often have to work hard in order to win government grants, Lee said.", "reference": "美 国 的 研 究 人 员 为 了 获 得 政 府 补 助 ， 经 常 要 大 费 周 章 ， Lee 说 道 。", "observed_prefix": "Researchers in the U.S. often", "prefix_words": 5, "elapsed_s": 7.28, "distribution_divergence": {"future_mode": "lm_sample", "future_diversity": {"nested_prefix_rate": 0.0, "avg_future_edit_dist": 0.5878549611608284, "unique_future_ratio": 1.0, "avg_future_len": 113.75, "is_nested_warning": false}, "futures": ["Researchers in the U.S. often use standard deviation to measure how \"representative\" or \"average\" their sample is", "Researchers in the U.S. often focus on their work, and their primary driving force for pursuing science", "Researchers in the U.S. often have trouble communicating effectively with people from different cultural backgrounds, which can", "Researchers in the U.S. often use the unit \"calories\" to denote kilojoules, where 1 calorie equals approximately"], "avg_js": 0.008888602345953954, "max_js": 0.019508544141197546, "pairwise_js": [[0.0, 0.00356297327169894, 0.0037801257428221905, 0.008155912677838531], [0.00356297327169894, 0.0, 0.002151883958784266, 0.019508544141197546], [0.0037801257428221905, 0.002151883958784266, 0.0, 0.016172174283382246], [0.008155912677838531, 0.019508544141197546, 0.016172174283382246, 0.0]], "topk_overlap": 0.8, "consensus_score": 0.7977586984634399, "kl_from_first": [0.01560157003198271, 0.014928408652554044, 0.0301527758804073], "decision": "COMMIT"}, "semantic_lcp": {"future_mode": "lm_sample", "future_diversity": {"nested_prefix_rate": 0.0, "avg_future_edit_dist": 0.5666013880299595, "unique_future_ratio": 1.0, "avg_future_len": 100.75, "is_nested_warning": false}, "futures": ["Researchers in the U.S. often describe what happens when humans and animals consume toxic chemicals found in", "Researchers in the U.S. often use the terms “catastrophe”, “ecological disaster”, “catastrophe,” “c", "Researchers in the U.S. often measure heights in feet (ft) and inches (in) while in Japan, heights", "Researchers in the U.S. often refer to it as \"Mood Disorders.\" This includes a range of conditions"], "continuations": ["美国研究人员经常描述当", "美国研究人员经常使用“", "美国研究人员通常以英", "美国研究人员通常将其称为"], "normalized_candidates": ["美国研究人员经常描述当", "美国研究人员经常使用“", "美国研究人员通常以英", "美国研究人员通常将其称为"], "literal_lcp": "美国研究人员", "literal_lcp_len": 6, "avg_edit_distance": 0.3611111111111111, "token_overlap": 0.5029761904761904, "semantic_agreement": 0.630621693121693, "safe_prefix_candidate": "美国研究人员", "decision": "COMMIT"}}
